
| 0 | 1.000 | 10.000 |
 | 1 | 1.002 | 9.977 |
 | 2 | 1.005 | 9.954 |
 | 3 | 1.007 | 9.931 |
 | 4 | 1.009 | 9.908 |
 | 5 | 1.012 | 9.886 |
 | 6 | 1.014 | 9.863 |
 | 7 | 1.016 | 9.840 |
 | 8 | 1.019 | 9.817 |
 | 9 | 1.021 | 9.795 |
 | 10 | 1.023 | 9.772 |
 | 11 | 1.026 | 9.750 |
 | 12 | 1.028 | 9.727 |
 | 13 | 1.030 | 9.705 |
 | 14 | 1.033 | 9.683 |
 | 15 | 1.035 | 9.661 |
 | 16 | 1.038 | 9.638 |
 | 17 | 1.040 | 9.616 |
 | 18 | 1.042 | 9.594 |
 | 19 | 1.045 | 9.572 |
 | 20 | 1.047 | 9.550 |
 | 21 | 1.050 | 9.528 |
 | 22 | 1.052 | 9.506 |
 | 23 | 1.054 | 9.484 |
 | 24 | 1.057 | 9.462 |
 | 25 | 1.059 | 9.441 |
 | 26 | 1.062 | 9.419 |
 | 27 | 1.064 | 9.397 |
 | 28 | 1.067 | 9.376 |
 | 29 | 1.069 | 9.354 |
 | 30 | 1.072 | 9.333 |
 | 31 | 1.074 | 9.311 |
 | 32 | 1.076 | 9.290 |
 | 33 | 1.079 | 9.268 |
 | 34 | 1.081 | 9.247 |
 | 35 | 1.084 | 9.226 |
 | 36 | 1.086 | 9.204 |
 | 37 | 1.089 | 9.183 |
 | 38 | 1.091 | 9.162 |
 | 39 | 1.094 | 9.141 |
 | 40 | 1.096 | 9.120 |
 | 41 | 1.099 | 9.099 |
 | 42 | 1.102 | 9.078 |
 | 43 | 1.104 | 9.057 |
 | 44 | 1.107 | 9.036 |
 | 45 | 1.109 | 9.016 |
 | 46 | 1.112 | 8.995 |
 | 47 | 1.114 | 8.974 |
 | 48 | 1.117 | 8.954 |
 | 49 | 1.119 | 8.933 |
 | 50 | 1.122 | 8.913 |
 | 51 | 1.125 | 8.892 |
 | 52 | 1.127 | 8.872 |
 | 53 | 1.130 | 8.851 |
 | 54 | 1.132 | 8.831 |
 | 55 | 1.135 | 8.810 |
 | 56 | 1.138 | 8.790 |
 | 57 | 1.140 | 8.770 |
 | 58 | 1.143 | 8.750 |
 | 59 | 1.146 | 8.730 |
 | 60 | 1.148 | 8.710 |
 | 61 | 1.151 | 8.690 |
 | 62 | 1.153 | 8.670 |
 | 63 | 1.156 | 8.650 |
 | 64 | 1.159 | 8.630 |
 | 65 | 1.161 | 8.610 |
 | 66 | 1.164 | 8.590 |
 | 67 | 1.167 | 8.570 |
 | 68 | 1.169 | 8.551 |
 | 69 | 1.172 | 8.531 |
 | 70 | 1.175 | 8.511 |
 | 71 | 1.178 | 8.492 |
 | 72 | 1.180 | 8.472 |
 | 73 | 1.183 | 8.453 |
 | 74 | 1.186 | 8.433 |
 | 75 | 1.189 | 8.414 |
 | 76 | 1.191 | 8.395 |
 | 77 | 1.194 | 8.375 |
 | 78 | 1.197 | 8.356 |
 | 79 | 1.199 | 8.337 |
 | 80 | 1.202 | 8.318 |
 | 81 | 1.205 | 8.299 |
 | 82 | 1.208 | 8.279 |
 | 83 | 1.211 | 8.260 |
 | 84 | 1.213 | 8.241 |
 | 85 | 1.216 | 8.222 |
 | 86 | 1.219 | 8.204 |
 | 87 | 1.222 | 8.185 |
 | 88 | 1.225 | 8.166 |
 | 89 | 1.227 | 8.147 |
 | 90 | 1.230 | 8.128 |
 | 91 | 1.233 | 8.110 |
 | 92 | 1.236 | 8.091 |
 | 93 | 1.239 | 8.072 |
 | 94 | 1.242 | 8.054 |
 | 95 | 1.245 | 8.035 |
 | 96 | 1.247 | 8.017 |
 | 97 | 1.250 | 7.998 |
 | 98 | 1.253 | 7.980 |
 | 99 | 1.256 | 7.962 |
 | 100 | 1.259 | 7.943 |
 | 101 | 1.262 | 7.925 |
 | 102 | 1.265 | 7.907 |
 | 103 | 1.268 | 7.889 |
 | 104 | 1.271 | 7.870 |
 | 105 | 1.274 | 7.852 |
 | 106 | 1.276 | 7.834 |
 | 107 | 1.279 | 7.816 |
 | 108 | 1.282 | 7.798 |
 | 109 | 1.285 | 7.780 |
 | 110 | 1.288 | 7.762 |
 | 111 | 1.291 | 7.745 |
 | 112 | 1.294 | 7.727 |
 | 113 | 1.297 | 7.709 |
 | 114 | 1.300 | 7.691 |
 | 115 | 1.303 | 7.674 |
 | 116 | 1.306 | 7.656 |
 | 117 | 1.309 | 7.638 |
 | 118 | 1.312 | 7.621 |
 | 119 | 1.315 | 7.603 |
 | 120 | 1.318 | 7.586 |
 | 121 | 1.321 | 7.568 |
 | 122 | 1.324 | 7.551 |
 | 123 | 1.327 | 7.534 |
 | 124 | 1.330 | 7.516 |
 | 125 | 1.334 | 7.499 |
 | 126 | 1.337 | 7.482 |
 | 127 | 1.340 | 7.464 |
 | 128 | 1.343 | 7.447 |
 | 129 | 1.346 | 7.430 |
 | 130 | 1.349 | 7.413 |
 | 131 | 1.352 | 7.396 |
 | 132 | 1.355 | 7.379 |
 | 133 | 1.358 | 7.362 |
 | 134 | 1.361 | 7.345 |
 | 135 | 1.365 | 7.328 |
 | 136 | 1.368 | 7.311 |
 | 137 | 1.371 | 7.295 |
 | 138 | 1.374 | 7.278 |
 | 139 | 1.377 | 7.261 |
 | 140 | 1.380 | 7.244 |
 | 141 | 1.384 | 7.228 |
 | 142 | 1.387 | 7.211 |
 | 143 | 1.390 | 7.194 |
 | 144 | 1.393 | 7.178 |
 | 145 | 1.396 | 7.161 |
 | 146 | 1.400 | 7.145 |
 | 147 | 1.403 | 7.129 |
 | 148 | 1.406 | 7.112 |
 | 149 | 1.409 | 7.096 |
 | 150 | 1.413 | 7.079 |
 | 151 | 1.416 | 7.063 |
 | 152 | 1.419 | 7.047 |
 | 153 | 1.422 | 7.031 |
 | 154 | 1.426 | 7.015 |
 | 155 | 1.429 | 6.998 |
 | 156 | 1.432 | 6.982 |
 | 157 | 1.435 | 6.966 |
 | 158 | 1.439 | 6.950 |
 | 159 | 1.442 | 6.934 |
 | 160 | 1.445 | 6.918 |
 | 161 | 1.449 | 6.902 |
 | 162 | 1.452 | 6.887 |
 | 163 | 1.455 | 6.871 |
 | 164 | 1.459 | 6.855 |
 | 165 | 1.462 | 6.839 |
 | 166 | 1.466 | 6.823 |
 | 167 | 1.469 | 6.808 |
 | 168 | 1.472 | 6.792 |
 | 169 | 1.476 | 6.776 |
 | 170 | 1.479 | 6.761 |
 | 171 | 1.483 | 6.745 |
 | 172 | 1.486 | 6.730 |
 | 173 | 1.489 | 6.714 |
 | 174 | 1.493 | 6.699 |
 | 175 | 1.496 | 6.683 |
 | 176 | 1.500 | 6.668 |
 | 177 | 1.503 | 6.653 |
 | 178 | 1.507 | 6.637 |
 | 179 | 1.510 | 6.622 |
 | 180 | 1.514 | 6.607 |
 | 181 | 1.517 | 6.592 |
 | 182 | 1.521 | 6.577 |
 | 183 | 1.524 | 6.561 |
 | 184 | 1.528 | 6.546 |
 | 185 | 1.531 | 6.531 |
 | 186 | 1.535 | 6.516 |
 | 187 | 1.538 | 6.501 |
 | 188 | 1.542 | 6.486 |
 | 189 | 1.545 | 6.471 |
 | 190 | 1.549 | 6.457 |
 | 191 | 1.552 | 6.442 |
 | 192 | 1.556 | 6.427 |
 | 193 | 1.560 | 6.412 |
 | 194 | 1.563 | 6.397 |
 | 195 | 1.567 | 6.383 |
 | 196 | 1.570 | 6.368 |
 | 197 | 1.574 | 6.353 |
 | 198 | 1.578 | 6.339 |
 | 199 | 1.581 | 6.324 |
 | 200 | 1.585 | 6.310 |
 | 201 | 1.589 | 6.295 |
 | 202 | 1.592 | 6.281 |
 | 203 | 1.596 | 6.266 |
 | 204 | 1.600 | 6.252 |
 | 205 | 1.603 | 6.237 |
 | 206 | 1.607 | 6.223 |
 | 207 | 1.611 | 6.209 |
 | 208 | 1.614 | 6.194 |
 | 209 | 1.618 | 6.180 |
 | 210 | 1.622 | 6.166 |
 | 211 | 1.626 | 6.152 |
 | 212 | 1.629 | 6.138 |
 | 213 | 1.633 | 6.124 |
 | 214 | 1.637 | 6.109 |
 | 215 | 1.641 | 6.095 |
 | 216 | 1.644 | 6.081 |
 | 217 | 1.648 | 6.067 |
 | 218 | 1.652 | 6.053 |
 | 219 | 1.656 | 6.039 |
 | 220 | 1.660 | 6.026 |
 | 221 | 1.663 | 6.012 |
 | 222 | 1.667 | 5.998 |
 | 223 | 1.671 | 5.984 |
 | 224 | 1.675 | 5.970 |
 | 225 | 1.679 | 5.957 |
 | 226 | 1.683 | 5.943 |
 | 227 | 1.687 | 5.929 |
 | 228 | 1.690 | 5.916 |
 | 229 | 1.694 | 5.902 |
 | 230 | 1.698 | 5.888 |
 | 231 | 1.702 | 5.875 |
 | 232 | 1.706 | 5.861 |
 | 233 | 1.710 | 5.848 |
 | 234 | 1.714 | 5.834 |
 | 235 | 1.718 | 5.821 |
 | 236 | 1.722 | 5.808 |
 | 237 | 1.726 | 5.794 |
 | 238 | 1.730 | 5.781 |
 | 239 | 1.734 | 5.768 |
 | 240 | 1.738 | 5.754 |
 | 241 | 1.742 | 5.741 |
 | 242 | 1.746 | 5.728 |
 | 243 | 1.750 | 5.715 |
 | 244 | 1.754 | 5.702 |
 | 245 | 1.758 | 5.689 |
 | 246 | 1.762 | 5.675 |
 | 247 | 1.766 | 5.662 |
 | 248 | 1.770 | 5.649 |
 | 249 | 1.774 | 5.636 |
 | 250 | 1.778 | 5.623 |
 | 251 | 1.782 | 5.610 |
 | 252 | 1.786 | 5.598 |
 | 253 | 1.791 | 5.585 |
 | 254 | 1.795 | 5.572 |
 | 255 | 1.799 | 5.559 |
 | 256 | 1.803 | 5.546 |
 | 257 | 1.807 | 5.534 |
 | 258 | 1.811 | 5.521 |
 | 259 | 1.816 | 5.508 |
 | 260 | 1.820 | 5.495 |
 | 261 | 1.824 | 5.483 |
 | 262 | 1.828 | 5.470 |
 | 263 | 1.832 | 5.458 |
 | 264 | 1.837 | 5.445 |
 | 265 | 1.841 | 5.433 |
 | 266 | 1.845 | 5.420 |
 | 267 | 1.849 | 5.408 |
 | 268 | 1.854 | 5.395 |
 | 269 | 1.858 | 5.383 |
 | 270 | 1.862 | 5.370 |
 | 271 | 1.866 | 5.358 |
 | 272 | 1.871 | 5.346 |
 | 273 | 1.875 | 5.333 |
 | 274 | 1.879 | 5.321 |
 | 275 | 1.884 | 5.309 |
 | 276 | 1.888 | 5.297 |
 | 277 | 1.892 | 5.284 |
 | 278 | 1.897 | 5.272 |
 | 279 | 1.901 | 5.260 |
 | 280 | 1.905 | 5.248 |
 | 281 | 1.910 | 5.236 |
 | 282 | 1.914 | 5.224 |
 | 283 | 1.919 | 5.212 |
 | 284 | 1.923 | 5.200 |
 | 285 | 1.928 | 5.188 |
 | 286 | 1.932 | 5.176 |
 | 287 | 1.936 | 5.164 |
 | 288 | 1.941 | 5.152 |
 | 289 | 1.945 | 5.140 |
 | 290 | 1.950 | 5.129 |
 | 291 | 1.954 | 5.117 |
 | 292 | 1.959 | 5.105 |
 | 293 | 1.963 | 5.093 |
 | 294 | 1.968 | 5.082 |
 | 295 | 1.972 | 5.070 |
 | 296 | 1.977 | 5.058 |
 | 297 | 1.982 | 5.047 |
 | 298 | 1.986 | 5.035 |
 | 299 | 1.991 | 5.023 |
 | 300 | 1.995 | 5.012 |
 | 301 | 2.000 | 5.000 |
 | 302 | 2.004 | 4.989 |
 | 303 | 2.009 | 4.977 |
 | 304 | 2.014 | 4.966 |
 | 305 | 2.018 | 4.955 |
 | 306 | 2.023 | 4.943 |
 | 307 | 2.028 | 4.932 |
 | 308 | 2.032 | 4.920 |
 | 309 | 2.037 | 4.909 |
 | 310 | 2.042 | 4.898 |
 | 311 | 2.046 | 4.887 |
 | 312 | 2.051 | 4.875 |
 | 313 | 2.056 | 4.864 |
 | 314 | 2.061 | 4.853 |
 | 315 | 2.065 | 4.842 |
 | 316 | 2.070 | 4.831 |
 | 317 | 2.075 | 4.819 |
 | 318 | 2.080 | 4.808 |
 | 319 | 2.084 | 4.797 |
 | 320 | 2.089 | 4.786 |
 | 321 | 2.094 | 4.775 |
 | 322 | 2.099 | 4.764 |
 | 323 | 2.104 | 4.753 |
 | 324 | 2.109 | 4.742 |
 | 325 | 2.113 | 4.732 |
 | 326 | 2.118 | 4.721 |
 | 327 | 2.123 | 4.710 |
 | 328 | 2.128 | 4.699 |
 | 329 | 2.133 | 4.688 |
 | 330 | 2.138 | 4.677 |
 | 331 | 2.143 | 4.667 |
 | 332 | 2.148 | 4.656 |
 | 333 | 2.153 | 4.645 |
 | 334 | 2.158 | 4.634 |
 | 335 | 2.163 | 4.624 |
 | 336 | 2.168 | 4.613 |
 | 337 | 2.173 | 4.603 |
 | 338 | 2.178 | 4.592 |
 | 339 | 2.183 | 4.581 |
 | 340 | 2.188 | 4.571 |
 | 341 | 2.193 | 4.560 |
 | 342 | 2.198 | 4.550 |
 | 343 | 2.203 | 4.539 |
 | 344 | 2.208 | 4.529 |
 | 345 | 2.213 | 4.519 |
 | 346 | 2.218 | 4.508 |
 | 347 | 2.223 | 4.498 |
 | 348 | 2.228 | 4.487 |
 | 349 | 2.234 | 4.477 |
 | 350 | 2.239 | 4.467 |
 | 351 | 2.244 | 4.457 |
 | 352 | 2.249 | 4.446 |
 | 353 | 2.254 | 4.436 |
 | 354 | 2.259 | 4.426 |
 | 355 | 2.265 | 4.416 |
 | 356 | 2.270 | 4.406 |
 | 357 | 2.275 | 4.395 |
 | 358 | 2.280 | 4.385 |
 | 359 | 2.286 | 4.375 |
 | 360 | 2.291 | 4.365 |
 | 361 | 2.296 | 4.355 |
 | 362 | 2.301 | 4.345 |
 | 363 | 2.307 | 4.335 |
 | 364 | 2.312 | 4.325 |
 | 365 | 2.317 | 4.315 |
 | 366 | 2.323 | 4.305 |
 | 367 | 2.328 | 4.295 |
 | 368 | 2.333 | 4.285 |
 | 369 | 2.339 | 4.276 |
 | 370 | 2.344 | 4.266 |
 | 371 | 2.350 | 4.256 |
 | 372 | 2.355 | 4.246 |
 | 373 | 2.360 | 4.236 |
 | 374 | 2.366 | 4.227 |
 | 375 | 2.371 | 4.217 |
 | 376 | 2.377 | 4.207 |
 | 377 | 2.382 | 4.198 |
 | 378 | 2.388 | 4.188 |
 | 379 | 2.393 | 4.178 |
 | 380 | 2.399 | 4.169 |
 | 381 | 2.404 | 4.159 |
 | 382 | 2.410 | 4.150 |
 | 383 | 2.415 | 4.140 |
 | 384 | 2.421 | 4.130 |
 | 385 | 2.427 | 4.121 |
 | 386 | 2.432 | 4.111 |
 | 387 | 2.438 | 4.102 |
 | 388 | 2.443 | 4.093 |
 | 389 | 2.449 | 4.083 |
 | 390 | 2.455 | 4.074 |
 | 391 | 2.460 | 4.064 |
 | 392 | 2.466 | 4.055 |
 | 393 | 2.472 | 4.046 |
 | 394 | 2.477 | 4.036 |
 | 395 | 2.483 | 4.027 |
 | 396 | 2.489 | 4.018 |
 | 397 | 2.495 | 4.009 |
 | 398 | 2.500 | 3.999 |
 | 399 | 2.506 | 3.990 |
 | 400 | 2.512 | 3.981 |
 | 401 | 2.518 | 3.972 |
 | 402 | 2.523 | 3.963 |
 | 403 | 2.529 | 3.954 |
 | 404 | 2.535 | 3.945 |
 | 405 | 2.541 | 3.936 |
 | 406 | 2.547 | 3.926 |
 | 407 | 2.553 | 3.917 |
 | 408 | 2.559 | 3.908 |
 | 409 | 2.564 | 3.899 |
 | 410 | 2.570 | 3.890 |
 | 411 | 2.576 | 3.882 |
 | 412 | 2.582 | 3.873 |
 | 413 | 2.588 | 3.864 |
 | 414 | 2.594 | 3.855 |
 | 415 | 2.600 | 3.846 |
 | 416 | 2.606 | 3.837 |
 | 417 | 2.612 | 3.828 |
 | 418 | 2.618 | 3.819 |
 | 419 | 2.624 | 3.811 |
 | 420 | 2.630 | 3.802 |
 | 421 | 2.636 | 3.793 |
 | 422 | 2.642 | 3.784 |
 | 423 | 2.649 | 3.776 |
 | 424 | 2.655 | 3.767 |
 | 425 | 2.661 | 3.758 |
 | 426 | 2.667 | 3.750 |
 | 427 | 2.673 | 3.741 |
 | 428 | 2.679 | 3.733 |
 | 429 | 2.685 | 3.724 |
 | 430 | 2.692 | 3.715 |
 | 431 | 2.698 | 3.707 |
 | 432 | 2.704 | 3.698 |
 | 433 | 2.710 | 3.690 |
 | 434 | 2.716 | 3.681 |
 | 435 | 2.723 | 3.673 |
 | 436 | 2.729 | 3.664 |
 | 437 | 2.735 | 3.656 |
 | 438 | 2.742 | 3.648 |
 | 439 | 2.748 | 3.639 |
 | 440 | 2.754 | 3.631 |
 | 441 | 2.761 | 3.622 |
 | 442 | 2.767 | 3.614 |
 | 443 | 2.773 | 3.606 |
 | 444 | 2.780 | 3.597 |
 | 445 | 2.786 | 3.589 |
 | 446 | 2.793 | 3.581 |
 | 447 | 2.799 | 3.573 |
 | 448 | 2.805 | 3.565 |
 | 449 | 2.812 | 3.556 |
 | 450 | 2.818 | 3.548 |
 | 451 | 2.825 | 3.540 |
 | 452 | 2.831 | 3.532 |
 | 453 | 2.838 | 3.524 |
 | 454 | 2.844 | 3.516 |
 | 455 | 2.851 | 3.508 |
 | 456 | 2.858 | 3.499 |
 | 457 | 2.864 | 3.491 |
 | 458 | 2.871 | 3.483 |
 | 459 | 2.877 | 3.475 |
 | 460 | 2.884 | 3.467 |
 | 461 | 2.891 | 3.459 |
 | 462 | 2.897 | 3.451 |
 | 463 | 2.904 | 3.443 |
 | 464 | 2.911 | 3.436 |
 | 465 | 2.917 | 3.428 |
 | 466 | 2.924 | 3.420 |
 | 467 | 2.931 | 3.412 |
 | 468 | 2.938 | 3.404 |
 | 469 | 2.944 | 3.396 |
 | 470 | 2.951 | 3.388 |
 | 471 | 2.958 | 3.381 |
 | 472 | 2.965 | 3.373 |
 | 473 | 2.972 | 3.365 |
 | 474 | 2.979 | 3.357 |
 | 475 | 2.985 | 3.350 |
 | 476 | 2.992 | 3.342 |
 | 477 | 2.999 | 3.334 |
 | 478 | 3.006 | 3.327 |
 | 479 | 3.013 | 3.319 |
 | 480 | 3.020 | 3.311 |
 | 481 | 3.027 | 3.304 |
 | 482 | 3.034 | 3.296 |
 | 483 | 3.041 | 3.289 |
 | 484 | 3.048 | 3.281 |
 | 485 | 3.055 | 3.273 |
 | 486 | 3.062 | 3.266 |
 | 487 | 3.069 | 3.258 |
 | 488 | 3.076 | 3.251 |
 | 489 | 3.083 | 3.243 |
 | 490 | 3.090 | 3.236 |
 | 491 | 3.097 | 3.228 |
 | 492 | 3.105 | 3.221 |
 | 493 | 3.112 | 3.214 |
 | 494 | 3.119 | 3.206 |
 | 495 | 3.126 | 3.199 |
 | 496 | 3.133 | 3.192 |
 | 497 | 3.141 | 3.184 |
 | 498 | 3.148 | 3.177 |
 | 499 | 3.155 | 3.170 |
 | 500 | 3.162 | 3.162 |
 | 501 | 3.170 | 3.155 |
 | 502 | 3.177 | 3.148 |
 | 503 | 3.184 | 3.141 |
 | 504 | 3.192 | 3.133 |
 | 505 | 3.199 | 3.126 |
 | 506 | 3.206 | 3.119 |
 | 507 | 3.214 | 3.112 |
 | 508 | 3.221 | 3.105 |
 | 509 | 3.228 | 3.097 |
 | 510 | 3.236 | 3.090 |
 | 511 | 3.243 | 3.083 |
 | 512 | 3.251 | 3.076 |
 | 513 | 3.258 | 3.069 |
 | 514 | 3.266 | 3.062 |
 | 515 | 3.273 | 3.055 |
 | 516 | 3.281 | 3.048 |
 | 517 | 3.289 | 3.041 |
 | 518 | 3.296 | 3.034 |
 | 519 | 3.304 | 3.027 |
 | 520 | 3.311 | 3.020 |
 | 521 | 3.319 | 3.013 |
 | 522 | 3.327 | 3.006 |
 | 523 | 3.334 | 2.999 |
 | 524 | 3.342 | 2.992 |
 | 525 | 3.350 | 2.985 |
 | 526 | 3.357 | 2.979 |
 | 527 | 3.365 | 2.972 |
 | 528 | 3.373 | 2.965 |
 | 529 | 3.381 | 2.958 |
 | 530 | 3.388 | 2.951 |
 | 531 | 3.396 | 2.944 |
 | 532 | 3.404 | 2.938 |
 | 533 | 3.412 | 2.931 |
 | 534 | 3.420 | 2.924 |
 | 535 | 3.428 | 2.917 |
 | 536 | 3.436 | 2.911 |
 | 537 | 3.443 | 2.904 |
 | 538 | 3.451 | 2.897 |
 | 539 | 3.459 | 2.891 |
 | 540 | 3.467 | 2.884 |
 | 541 | 3.475 | 2.877 |
 | 542 | 3.483 | 2.871 |
 | 543 | 3.491 | 2.864 |
 | 544 | 3.499 | 2.858 |
 | 545 | 3.508 | 2.851 |
 | 546 | 3.516 | 2.844 |
 | 547 | 3.524 | 2.838 |
 | 548 | 3.532 | 2.831 |
 | 549 | 3.540 | 2.825 |
 | 550 | 3.548 | 2.818 |
 | 551 | 3.556 | 2.812 |
 | 552 | 3.565 | 2.805 |
 | 553 | 3.573 | 2.799 |
 | 554 | 3.581 | 2.793 |
 | 555 | 3.589 | 2.786 |
 | 556 | 3.597 | 2.780 |
 | 557 | 3.606 | 2.773 |
 | 558 | 3.614 | 2.767 |
 | 559 | 3.622 | 2.761 |
 | 560 | 3.631 | 2.754 |
 | 561 | 3.639 | 2.748 |
 | 562 | 3.648 | 2.742 |
 | 563 | 3.656 | 2.735 |
 | 564 | 3.664 | 2.729 |
 | 565 | 3.673 | 2.723 |
 | 566 | 3.681 | 2.716 |
 | 567 | 3.690 | 2.710 |
 | 568 | 3.698 | 2.704 |
 | 569 | 3.707 | 2.698 |
 | 570 | 3.715 | 2.692 |
 | 571 | 3.724 | 2.685 |
 | 572 | 3.733 | 2.679 |
 | 573 | 3.741 | 2.673 |
 | 574 | 3.750 | 2.667 |
 | 575 | 3.758 | 2.661 |
 | 576 | 3.767 | 2.655 |
 | 577 | 3.776 | 2.649 |
 | 578 | 3.784 | 2.642 |
 | 579 | 3.793 | 2.636 |
 | 580 | 3.802 | 2.630 |
 | 581 | 3.811 | 2.624 |
 | 582 | 3.819 | 2.618 |
 | 583 | 3.828 | 2.612 |
 | 584 | 3.837 | 2.606 |
 | 585 | 3.846 | 2.600 |
 | 586 | 3.855 | 2.594 |
 | 587 | 3.864 | 2.588 |
 | 588 | 3.873 | 2.582 |
 | 589 | 3.882 | 2.576 |
 | 590 | 3.890 | 2.570 |
 | 591 | 3.899 | 2.564 |
 | 592 | 3.908 | 2.559 |
 | 593 | 3.917 | 2.553 |
 | 594 | 3.926 | 2.547 |
 | 595 | 3.936 | 2.541 |
 | 596 | 3.945 | 2.535 |
 | 597 | 3.954 | 2.529 |
 | 598 | 3.963 | 2.523 |
 | 599 | 3.972 | 2.518 |
 | 600 | 3.981 | 2.512 |
 | 601 | 3.990 | 2.506 |
 | 602 | 3.999 | 2.500 |
 | 603 | 4.009 | 2.495 |
 | 604 | 4.018 | 2.489 |
 | 605 | 4.027 | 2.483 |
 | 606 | 4.036 | 2.477 |
 | 607 | 4.046 | 2.472 |
 | 608 | 4.055 | 2.466 |
 | 609 | 4.064 | 2.460 |
 | 610 | 4.074 | 2.455 |
 | 611 | 4.083 | 2.449 |
 | 612 | 4.093 | 2.443 |
 | 613 | 4.102 | 2.438 |
 | 614 | 4.111 | 2.432 |
 | 615 | 4.121 | 2.427 |
 | 616 | 4.130 | 2.421 |
 | 617 | 4.140 | 2.415 |
 | 618 | 4.150 | 2.410 |
 | 619 | 4.159 | 2.404 |
 | 620 | 4.169 | 2.399 |
 | 621 | 4.178 | 2.393 |
 | 622 | 4.188 | 2.388 |
 | 623 | 4.198 | 2.382 |
 | 624 | 4.207 | 2.377 |
 | 625 | 4.217 | 2.371 |
 | 626 | 4.227 | 2.366 |
 | 627 | 4.236 | 2.360 |
 | 628 | 4.246 | 2.355 |
 | 629 | 4.256 | 2.350 |
 | 630 | 4.266 | 2.344 |
 | 631 | 4.276 | 2.339 |
 | 632 | 4.285 | 2.333 |
 | 633 | 4.295 | 2.328 |
 | 634 | 4.305 | 2.323 |
 | 635 | 4.315 | 2.317 |
 | 636 | 4.325 | 2.312 |
 | 637 | 4.335 | 2.307 |
 | 638 | 4.345 | 2.301 |
 | 639 | 4.355 | 2.296 |
 | 640 | 4.365 | 2.291 |
 | 641 | 4.375 | 2.286 |
 | 642 | 4.385 | 2.280 |
 | 643 | 4.395 | 2.275 |
 | 644 | 4.406 | 2.270 |
 | 645 | 4.416 | 2.265 |
 | 646 | 4.426 | 2.259 |
 | 647 | 4.436 | 2.254 |
 | 648 | 4.446 | 2.249 |
 | 649 | 4.457 | 2.244 |
 | 650 | 4.467 | 2.239 |
 | 651 | 4.477 | 2.234 |
 | 652 | 4.487 | 2.228 |
 | 653 | 4.498 | 2.223 |
 | 654 | 4.508 | 2.218 |
 | 655 | 4.519 | 2.213 |
 | 656 | 4.529 | 2.208 |
 | 657 | 4.539 | 2.203 |
 | 658 | 4.550 | 2.198 |
 | 659 | 4.560 | 2.193 |
 | 660 | 4.571 | 2.188 |
 | 661 | 4.581 | 2.183 |
 | 662 | 4.592 | 2.178 |
 | 663 | 4.603 | 2.173 |
 | 664 | 4.613 | 2.168 |
 | 665 | 4.624 | 2.163 |
 | 666 | 4.634 | 2.158 |
 | 667 | 4.645 | 2.153 |
 | 668 | 4.656 | 2.148 |
 | 669 | 4.667 | 2.143 |
 | 670 | 4.677 | 2.138 |
 | 671 | 4.688 | 2.133 |
 | 672 | 4.699 | 2.128 |
 | 673 | 4.710 | 2.123 |
 | 674 | 4.721 | 2.118 |
 | 675 | 4.732 | 2.113 |
 | 676 | 4.742 | 2.109 |
 | 677 | 4.753 | 2.104 |
 | 678 | 4.764 | 2.099 |
 | 679 | 4.775 | 2.094 |
 | 680 | 4.786 | 2.089 |
 | 681 | 4.797 | 2.084 |
 | 682 | 4.808 | 2.080 |
 | 683 | 4.819 | 2.075 |
 | 684 | 4.831 | 2.070 |
 | 685 | 4.842 | 2.065 |
 | 686 | 4.853 | 2.061 |
 | 687 | 4.864 | 2.056 |
 | 688 | 4.875 | 2.051 |
 | 689 | 4.887 | 2.046 |
 | 690 | 4.898 | 2.042 |
 | 691 | 4.909 | 2.037 |
 | 692 | 4.920 | 2.032 |
 | 693 | 4.932 | 2.028 |
 | 694 | 4.943 | 2.023 |
 | 695 | 4.955 | 2.018 |
 | 696 | 4.966 | 2.014 |
 | 697 | 4.977 | 2.009 |
 | 698 | 4.989 | 2.004 |
 | 699 | 5.000 | 2.000 |
 | 700 | 5.012 | 1.995 |
 | 701 | 5.023 | 1.991 |
 | 702 | 5.035 | 1.986 |
 | 703 | 5.047 | 1.982 |
 | 704 | 5.058 | 1.977 |
 | 705 | 5.070 | 1.972 |
 | 706 | 5.082 | 1.968 |
 | 707 | 5.093 | 1.963 |
 | 708 | 5.105 | 1.959 |
 | 709 | 5.117 | 1.954 |
 | 710 | 5.129 | 1.950 |
 | 711 | 5.140 | 1.945 |
 | 712 | 5.152 | 1.941 |
 | 713 | 5.164 | 1.936 |
 | 714 | 5.176 | 1.932 |
 | 715 | 5.188 | 1.928 |
 | 716 | 5.200 | 1.923 |
 | 717 | 5.212 | 1.919 |
 | 718 | 5.224 | 1.914 |
 | 719 | 5.236 | 1.910 |
 | 720 | 5.248 | 1.905 |
 | 721 | 5.260 | 1.901 |
 | 722 | 5.272 | 1.897 |
 | 723 | 5.284 | 1.892 |
 | 724 | 5.297 | 1.888 |
 | 725 | 5.309 | 1.884 |
 | 726 | 5.321 | 1.879 |
 | 727 | 5.333 | 1.875 |
 | 728 | 5.346 | 1.871 |
 | 729 | 5.358 | 1.866 |
 | 730 | 5.370 | 1.862 |
 | 731 | 5.383 | 1.858 |
 | 732 | 5.395 | 1.854 |
 | 733 | 5.408 | 1.849 |
 | 734 | 5.420 | 1.845 |
 | 735 | 5.433 | 1.841 |
 | 736 | 5.445 | 1.837 |
 | 737 | 5.458 | 1.832 |
 | 738 | 5.470 | 1.828 |
 | 739 | 5.483 | 1.824 |
 | 740 | 5.495 | 1.820 |
 | 741 | 5.508 | 1.816 |
 | 742 | 5.521 | 1.811 |
 | 743 | 5.534 | 1.807 |
 | 744 | 5.546 | 1.803 |
 | 745 | 5.559 | 1.799 |
 | 746 | 5.572 | 1.795 |
 | 747 | 5.585 | 1.791 |
 | 748 | 5.598 | 1.786 |
 | 749 | 5.610 | 1.782 |
 | 750 | 5.623 | 1.778 |
 | 751 | 5.636 | 1.774 |
 | 752 | 5.649 | 1.770 |
 | 753 | 5.662 | 1.766 |
 | 754 | 5.675 | 1.762 |
 | 755 | 5.689 | 1.758 |
 | 756 | 5.702 | 1.754 |
 | 757 | 5.715 | 1.750 |
 | 758 | 5.728 | 1.746 |
 | 759 | 5.741 | 1.742 |
 | 760 | 5.754 | 1.738 |
 | 761 | 5.768 | 1.734 |
 | 762 | 5.781 | 1.730 |
 | 763 | 5.794 | 1.726 |
 | 764 | 5.808 | 1.722 |
 | 765 | 5.821 | 1.718 |
 | 766 | 5.834 | 1.714 |
 | 767 | 5.848 | 1.710 |
 | 768 | 5.861 | 1.706 |
 | 769 | 5.875 | 1.702 |
 | 770 | 5.888 | 1.698 |
 | 771 | 5.902 | 1.694 |
 | 772 | 5.916 | 1.690 |
 | 773 | 5.929 | 1.687 |
 | 774 | 5.943 | 1.683 |
 | 775 | 5.957 | 1.679 |
 | 776 | 5.970 | 1.675 |
 | 777 | 5.984 | 1.671 |
 | 778 | 5.998 | 1.667 |
 | 779 | 6.012 | 1.663 |
 | 780 | 6.026 | 1.660 |
 | 781 | 6.039 | 1.656 |
 | 782 | 6.053 | 1.652 |
 | 783 | 6.067 | 1.648 |
 | 784 | 6.081 | 1.644 |
 | 785 | 6.095 | 1.641 |
 | 786 | 6.109 | 1.637 |
 | 787 | 6.124 | 1.633 |
 | 788 | 6.138 | 1.629 |
 | 789 | 6.152 | 1.626 |
 | 790 | 6.166 | 1.622 |
 | 791 | 6.180 | 1.618 |
 | 792 | 6.194 | 1.614 |
 | 793 | 6.209 | 1.611 |
 | 794 | 6.223 | 1.607 |
 | 795 | 6.237 | 1.603 |
 | 796 | 6.252 | 1.600 |
 | 797 | 6.266 | 1.596 |
 | 798 | 6.281 | 1.592 |
 | 799 | 6.295 | 1.589 |
 | 800 | 6.310 | 1.585 |
 | 801 | 6.324 | 1.581 |
 | 802 | 6.339 | 1.578 |
 | 803 | 6.353 | 1.574 |
 | 804 | 6.368 | 1.570 |
 | 805 | 6.383 | 1.567 |
 | 806 | 6.397 | 1.563 |
 | 807 | 6.412 | 1.560 |
 | 808 | 6.427 | 1.556 |
 | 809 | 6.442 | 1.552 |
 | 810 | 6.457 | 1.549 |
 | 811 | 6.471 | 1.545 |
 | 812 | 6.486 | 1.542 |
 | 813 | 6.501 | 1.538 |
 | 814 | 6.516 | 1.535 |
 | 815 | 6.531 | 1.531 |
 | 816 | 6.546 | 1.528 |
 | 817 | 6.561 | 1.524 |
 | 818 | 6.577 | 1.521 |
 | 819 | 6.592 | 1.517 |
 | 820 | 6.607 | 1.514 |
 | 821 | 6.622 | 1.510 |
 | 822 | 6.637 | 1.507 |
 | 823 | 6.653 | 1.503 |
 | 824 | 6.668 | 1.500 |
 | 825 | 6.683 | 1.496 |
 | 826 | 6.699 | 1.493 |
 | 827 | 6.714 | 1.489 |
 | 828 | 6.730 | 1.486 |
 | 829 | 6.745 | 1.483 |
 | 830 | 6.761 | 1.479 |
 | 831 | 6.776 | 1.476 |
 | 832 | 6.792 | 1.472 |
 | 833 | 6.808 | 1.469 |
 | 834 | 6.823 | 1.466 |
 | 835 | 6.839 | 1.462 |
 | 836 | 6.855 | 1.459 |
 | 837 | 6.871 | 1.455 |
 | 838 | 6.887 | 1.452 |
 | 839 | 6.902 | 1.449 |
 | 840 | 6.918 | 1.445 |
 | 841 | 6.934 | 1.442 |
 | 842 | 6.950 | 1.439 |
 | 843 | 6.966 | 1.435 |
 | 844 | 6.982 | 1.432 |
 | 845 | 6.998 | 1.429 |
 | 846 | 7.015 | 1.426 |
 | 847 | 7.031 | 1.422 |
 | 848 | 7.047 | 1.419 |
 | 849 | 7.063 | 1.416 |
 | 850 | 7.079 | 1.413 |
 | 851 | 7.096 | 1.409 |
 | 852 | 7.112 | 1.406 |
 | 853 | 7.129 | 1.403 |
 | 854 | 7.145 | 1.400 |
 | 855 | 7.161 | 1.396 |
 | 856 | 7.178 | 1.393 |
 | 857 | 7.194 | 1.390 |
 | 858 | 7.211 | 1.387 |
 | 859 | 7.228 | 1.384 |
 | 860 | 7.244 | 1.380 |
 | 861 | 7.261 | 1.377 |
 | 862 | 7.278 | 1.374 |
 | 863 | 7.295 | 1.371 |
 | 864 | 7.311 | 1.368 |
 | 865 | 7.328 | 1.365 |
 | 866 | 7.345 | 1.361 |
 | 867 | 7.362 | 1.358 |
 | 868 | 7.379 | 1.355 |
 | 869 | 7.396 | 1.352 |
 | 870 | 7.413 | 1.349 |
 | 871 | 7.430 | 1.346 |
 | 872 | 7.447 | 1.343 |
 | 873 | 7.464 | 1.340 |
 | 874 | 7.482 | 1.337 |
 | 875 | 7.499 | 1.334 |
 | 876 | 7.516 | 1.330 |
 | 877 | 7.534 | 1.327 |
 | 878 | 7.551 | 1.324 |
 | 879 | 7.568 | 1.321 |
 | 880 | 7.586 | 1.318 |
 | 881 | 7.603 | 1.315 |
 | 882 | 7.621 | 1.312 |
 | 883 | 7.638 | 1.309 |
 | 884 | 7.656 | 1.306 |
 | 885 | 7.674 | 1.303 |
 | 886 | 7.691 | 1.300 |
 | 887 | 7.709 | 1.297 |
 | 888 | 7.727 | 1.294 |
 | 889 | 7.745 | 1.291 |
 | 890 | 7.762 | 1.288 |
 | 891 | 7.780 | 1.285 |
 | 892 | 7.798 | 1.282 |
 | 893 | 7.816 | 1.279 |
 | 894 | 7.834 | 1.276 |
 | 895 | 7.852 | 1.274 |
 | 896 | 7.870 | 1.271 |
 | 897 | 7.889 | 1.268 |
 | 898 | 7.907 | 1.265 |
 | 899 | 7.925 | 1.262 |
 | 900 | 7.943 | 1.259 |
 | 901 | 7.962 | 1.256 |
 | 902 | 7.980 | 1.253 |
 | 903 | 7.998 | 1.250 |
 | 904 | 8.017 | 1.247 |
 | 905 | 8.035 | 1.245 |
 | 906 | 8.054 | 1.242 |
 | 907 | 8.072 | 1.239 |
 | 908 | 8.091 | 1.236 |
 | 909 | 8.110 | 1.233 |
 | 910 | 8.128 | 1.230 |
 | 911 | 8.147 | 1.227 |
 | 912 | 8.166 | 1.225 |
 | 913 | 8.185 | 1.222 |
 | 914 | 8.204 | 1.219 |
 | 915 | 8.222 | 1.216 |
 | 916 | 8.241 | 1.213 |
 | 917 | 8.260 | 1.211 |
 | 918 | 8.279 | 1.208 |
 | 919 | 8.299 | 1.205 |
 | 920 | 8.318 | 1.202 |
 | 921 | 8.337 | 1.199 |
 | 922 | 8.356 | 1.197 |
 | 923 | 8.375 | 1.194 |
 | 924 | 8.395 | 1.191 |
 | 925 | 8.414 | 1.189 |
 | 926 | 8.433 | 1.186 |
 | 927 | 8.453 | 1.183 |
 | 928 | 8.472 | 1.180 |
 | 929 | 8.492 | 1.178 |
 | 930 | 8.511 | 1.175 |
 | 931 | 8.531 | 1.172 |
 | 932 | 8.551 | 1.169 |
 | 933 | 8.570 | 1.167 |
 | 934 | 8.590 | 1.164 |
 | 935 | 8.610 | 1.161 |
 | 936 | 8.630 | 1.159 |
 | 937 | 8.650 | 1.156 |
 | 938 | 8.670 | 1.153 |
 | 939 | 8.690 | 1.151 |
 | 940 | 8.710 | 1.148 |
 | 941 | 8.730 | 1.146 |
 | 942 | 8.750 | 1.143 |
 | 943 | 8.770 | 1.140 |
 | 944 | 8.790 | 1.138 |
 | 945 | 8.810 | 1.135 |
 | 946 | 8.831 | 1.132 |
 | 947 | 8.851 | 1.130 |
 | 948 | 8.872 | 1.127 |
 | 949 | 8.892 | 1.125 |
 | 950 | 8.913 | 1.122 |
 | 951 | 8.933 | 1.119 |
 | 952 | 8.954 | 1.117 |
 | 953 | 8.974 | 1.114 |
 | 954 | 8.995 | 1.112 |
 | 955 | 9.016 | 1.109 |
 | 956 | 9.036 | 1.107 |
 | 957 | 9.057 | 1.104 |
 | 958 | 9.078 | 1.102 |
 | 959 | 9.099 | 1.099 |
 | 960 | 9.120 | 1.096 |
 | 961 | 9.141 | 1.094 |
 | 962 | 9.162 | 1.091 |
 | 963 | 9.183 | 1.089 |
 | 964 | 9.204 | 1.086 |
 | 965 | 9.226 | 1.084 |
 | 966 | 9.247 | 1.081 |
 | 967 | 9.268 | 1.079 |
 | 968 | 9.290 | 1.076 |
 | 969 | 9.311 | 1.074 |
 | 970 | 9.333 | 1.072 |
 | 971 | 9.354 | 1.069 |
 | 972 | 9.376 | 1.067 |
 | 973 | 9.397 | 1.064 |
 | 974 | 9.419 | 1.062 |
 | 975 | 9.441 | 1.059 |
 | 976 | 9.462 | 1.057 |
 | 977 | 9.484 | 1.054 |
 | 978 | 9.506 | 1.052 |
 | 979 | 9.528 | 1.050 |
 | 980 | 9.550 | 1.047 |
 | 981 | 9.572 | 1.045 |
 | 982 | 9.594 | 1.042 |
 | 983 | 9.616 | 1.040 |
 | 984 | 9.638 | 1.038 |
 | 985 | 9.661 | 1.035 |
 | 986 | 9.683 | 1.033 |
 | 987 | 9.705 | 1.030 |
 | 988 | 9.727 | 1.028 |
 | 989 | 9.750 | 1.026 |
 | 990 | 9.772 | 1.023 |
 | 991 | 9.795 | 1.021 |
 | 992 | 9.817 | 1.019 |
 | 993 | 9.840 | 1.016 |
 | 994 | 9.863 | 1.014 |
 | 995 | 9.886 | 1.012 |
 | 996 | 9.908 | 1.009 |
 | 997 | 9.931 | 1.007 |
 | 998 | 9.954 | 1.005 |
 | 999 | 9.977 | 1.002 |
